Route 1: 10 218 213 303 143 89 194 181 220 353
Route 2: 291 34 260 327 82 31 257 96 49 354
Route 3: 216 21 87 110 183 272 17 51
Route 4: 287 347 397 106 204 125 193 280 261 44 150 324
Route 5: 188 122 119 136 41 310 146 160 133 95
Route 6: 244 377 361 127 26 128 366 141 8 400 73
Route 7: 155 222 294 162 45 174 25 191 178
Route 8: 270 357 247 333 318 271 55 277 19 81 249 288
Route 9: 164 72 350 75 171 240 338 56 74
Route 10: 43 386 13 142 391 259 315 92 214 47 33
Route 11: 243 190 16 380 293 367 37 109
Route 12: 236 224 341 274 163 276 130 258 337
Route 13: 263 118 394 334 227 217 225 210 302 185
Route 14: 376 351 206 381 115 392 124 180 78 325
Route 15: 298 281 304 342 388 84 245 7 58 355 85
Route 16: 311 14 157 158 154 57 60 228 9 384
Route 17: 241 30 149 358 319 349 165 88 335
Route 18: 328 246 208 352 139 176 396 39 395 359
Route 19: 168 90 251 159 148 212 286 71 235 48 207 145 282
Route 20: 177 187 285 320 390 312 373 61 295 196 232
Route 21: 46 223 192 184 211 117 144 20 29 321 22 132
Route 22: 108 389 385 6 101 330 53 370 331 256 300
Route 23: 94 252 205 248 93 264 140 306 123 340
Route 24: 375 278 103 316 170 156 199 182 313 63
Route 25: 336 296 221 326 197 15 189 329 369 323
Route 26: 292 343 308 62 18 348 202 83 198 200 12
Route 27: 266 54 40 209 398 253 219 153 226
Route 28: 11 290 64 364 38 137 186 107
Route 29: 309 129 102 387 299 356 305 239 254 371 365 307
Route 30: 138 86 116 172 382 169
Route 31: 314 262 151 269 36 67 230 363 77 70 91
Route 32: 317 284 147 97 379 378 173 346 131 161 393 234
Route 33: 250 120 69 27 368 362 215 98 344 76
Route 34: 24 79 35 175 289 2 5 121
Route 35: 273 66 255 3 374 112 399 267 231 100 167 203
Route 36: 166 4 52 360 268 372 50
Route 37: 104 28 42 179 105 111 80 1 332 242
Route 38: 383 275 59 126 135 68 345 229 279
Route 39: 301 99 114 32 265 237 238 23 113
Route 40: 195 322 65 283 152 297 134 201 339 233
Cost 11797.31